City,Country,Latitude,Longitude,Cloudiness,Humidity,Max Temperature,Wind Speed
Sitka,US,57.0524973,-135.337612,100,71,12.9,4.12
Sydney,AU,-33.768528,150.9568559523945,73,69,17.86,1.79
Punta arenas,CL,-53.1625688,-70.907822,75,86,-1.84,3.09
Kapaa,US,22.0747334,-159.3191601,100,85,27.99,6.17
Ordzhonikidze,UA,44.9640797,35.3580294,98,59,22.24,3.63
Talnakh,RU,69.4939889,88.3907607,77,27,10.88,1.95
Yellowknife,CA,62.4540807,-114.377385,20,67,15.12,1.54
Phan rang,VN,11.5769829,108.9865391,33,52,34.57,5.88
Hithadhoo,MV,1.7959425,73.38755195657038,85,71,28.5,2.93
Bethel,US,60.7922222,-161.7558333,75,80,14.19,4.12
Castro,IT,45.802987,10.06706,35,71,26.25,0.54
Rikitea,FR,-23.1229544,-134.9680141,80,67,23.73,4.29
Vaini,TO,-21.1925671,-175.1772797,75,94,25.16,3.6
Port elizabeth,ZA,-33.9617051,25.6207519,0,87,11.2,3.09
Tecolutla,MX,20.4774753,-97.008441,73,84,25.08,1.48
Iralaya,HN,15.0027763,-83.2258873,100,88,26.26,5.33
Anloga,GH,5.7936484,0.8984702,100,84,24.75,3.43
Palapye,BW,-22.536888,27.123513,0,55,14.15,2.29
Chuy,UY,-33.6937948,-53.4561114,2,68,4.72,3.89
Dikson,RU,73.5083894,80.5123816,91,78,2.06,5.83
Barentsburg,NO,78.065362,14.2172367,100,86,5.78,1.76
Carutapera,BR,-1.2016638,-46.0205618,88,92,23.42,1.9
Jamestown,US,37.2104434,-76.7738928,0,51,21.66,4.12
Faya,ML,13.6777637,-6.1585269,100,72,25.26,2.34
Hami,CN,42.817404,93.5142008,16,13,31.59,3.17
Gao,ML,16.2788129,-0.0412392,71,49,29.53,3.46
Leningradskiy,RU,54.129108,79.236702,100,84,16.25,0.46
Winneba,GH,5.35006,-0.62134,99,86,23.63,1.93
Katherine,AU,-14.4646157,132.2635993,13,20,32.17,3.6
Honningsvag,NO,70.9802698,25.9778433,75,71,7.97,5.14
Santa catalina,CO,10.6044354,-75.2880529,29,84,25.73,2.03
Butaritari,KI,2.9205375,172.91886331442205,25,76,27.93,3.46
Praia da vitoria,PT,38.739237599999996,-27.156264396780458,75,82,15.4,6.12
Souillac,FR,44.8980172,1.46943,18,59,23.12,2.05
Chapleau,CA,47.845632,-83.4018741,42,72,5.9,1.28
Kawalu,ID,-1.9593,123.8495,28,76,27.43,5.14
Kasongo-lunda,CD,-6.4786095,16.8168133,98,68,17.07,0.12
Hobart,AU,-42.8825088,147.3281233,20,76,13.99,6.17
Poum,FR,-20.2316547,164.029894,51,83,23.39,7.67
Hilo,US,19.7073734,-155.0815803,100,76,25.81,1.54
Qaanaaq,GL,77.4686357,-69.2222746,90,72,0.74,2.36
Lola,PA,8.0929431,-81.4668374,100,97,20.45,1.62
Cape town,ZA,-33.928992,18.417396,20,92,11.6,3.6
The valley,AI,18.2145861,-63.0517759,20,77,27.23,8.35
Kerema,EE,58.89595185,22.943522343623506,40,70,14.46,6.81
San rafael,US,37.9735346,-122.5310874,0,79,15.9,3.58
Lata,SB,-10.7241726,165.7977641,79,77,27.32,1.12
Petropavlovsk-kamchatskiy,RU,53.0199838,158.6471356,44,84,22.06,3.83
Hermanus,ZA,-34.4175,19.2361111,12,75,7.69,2.75
Bredasdorp,ZA,-34.533055,20.042778,4,79,8.79,2.99
Tamale,GH,9.4051992,-0.8423986,100,94,22.58,2.23
Umzimvubu,ZA,-30.82491,28.92177617804983,100,90,7.85,0.02
Avarua,CK,-21.2074736,-159.7708145,20,68,22.99,3.09
Nanortalik,GL,60.1400246,-45.2428523,100,98,6.13,4.68
Campechuela,CU,20.2353676,-77.2821691,100,81,24.34,2.71
Almeirim,PT,39.16800295,-8.572597770930125,60,97,18.27,1.77
Makat,KZ,47.6471515,53.350528,20,29,27.39,5.77
Chokurdakh,RU,70.6193824,147.902397,100,60,12.31,7.52
Marcona,PE,-15.2155331,-75.08303444567473,27,90,10.2,3.25
Lebu,CL,-37.6099644,-73.6559477,100,85,9.12,4.33
Arraial do cabo,BR,-22.9662839,-42.024427,100,78,20.55,7.41
Hihifo,TO,-19.8154734,-174.35413,13,80,26.09,8.79
Upington,ZA,-28.456325,21.241867,0,93,4.25,2.06
Atuona,FR,-9.77932315,-139.06194910808324,24,77,19.93,8.98
Kirakira,SB,-10.4568963,161.9201736,95,79,27.32,1.33
Chirongui,FR,-12.9356731,45.1495113,62,67,26.89,6.33
Faanui,FR,-16.48243875,-151.73383197031578,19,77,25.59,8.77
Bonavista,CA,48.6541763,-53.110338,100,97,11.98,9.66
Port blair,IN,11.6645348,92.7390448,40,58,31.68,3.6
Dakar,SN,14.693425,-17.447938,100,89,25.49,3.64
Grand gaube,MU,-20.0086191,57.6644156,16,70,24.65,2.24
Winslow,US,35.0241874,-110.6973572,100,52,21.1,8.23
Nichinan,JP,31.6019221,131.3788769,100,93,25.0,3.85
Bambous virieux,MU,-20.347199500000002,57.76474767388835,75,83,24.73,6.69
Praia,CV,14.9162811,-23.5095095,75,83,24.32,6.17
Victoria,CA,48.4283182,-123.3649533,61,70,14.35,10.8
Touros,BR,-5.1998625,-35.4595051,7,89,23.39,4.31
Cidreira,BR,-30.1657063,-50.218331,0,80,6.85,2.91
Ahipara,NZ,-35.1664105,173.1562074,91,91,14.61,3.59
Ushuaia,AR,-54.806115899999995,-68.3184972880496,75,86,-1.17,5.66
Teya,ES,41.4970697,2.3214331,100,81,24.61,2.68
Albany,US,42.6511674,-73.754968,98,72,13.52,0.89
Jurado,PE,-14.0812555,-73.8290189,9,65,1.29,0.83
Nan,IT,46.3144754,11.0480288,0,85,22.73,3.6
Northam,GB,51.0505743,-4.211341809956307,98,82,12.37,6.52
Paamiut,GL,61.994618,-49.6659478,100,99,4.0,2.19
Luena,ES,43.111758449999996,-3.907038383864263,42,93,14.65,2.1
Mataura,NZ,-46.192734,168.8642685,97,95,6.93,0.86
Kununurra,AU,-15.7730916,128.738839,8,18,31.95,2.57
Vestmannaeyjar,IS,63.42704985,-20.269317184750797,82,88,9.11,4.93
Acajutla,SV,13.5897967,-89.8297601,68,86,25.05,4.22
Roebourne,AU,-20.7723709,117.145828,14,43,28.18,1.42
La hulpe,BE,50.7313729,4.4893987,20,63,16.22,4.12
San patricio,US,27.9695325,-97.7731720386266,0,90,27.19,3.28
Batagay-alyta,RU,67.799362,130.403229,100,52,17.29,7.8
Clyde river,CA,46.2238705,-63.2571596,75,89,14.38,2.57
Batagay,RU,67.654907,134.635071,93,58,19.77,10.98
Kaitangata,NZ,-46.2817388,169.8464139,100,86,7.09,3.38
Port hedland,AU,-20.3111814,118.5801181,68,30,30.02,5.14
Podbelsk,RU,53.605339,51.804371,30,69,19.77,4.85
Morehead,US,38.1839705,-83.4326841,0,44,16.48,3.09
Severo-kurilsk,RU,50.6683048,156.1154399,100,95,8.81,1.22
Puerto ayora,EC,-0.7471674,-90.3134198,90,97,21.22,0.89
Frontera,ES,40.4010784,-2.2170389,1,43,19.82,3.14
Mahebourg,MU,-20.4111041,57.7060616,75,83,24.63,6.69
Srednekolymsk,RU,67.455497,153.7071456,73,32,17.87,2.8
West bay,CA,45.3721337,-64.3945712,34,85,14.17,1.74
Naze,NG,5.4519997,7.0566745,100,97,22.12,1.06
Yinchuan,CN,38.4852037,106.2261926,57,17,34.31,3.91
Tasiilaq,GL,65.6152573,-37.6378149,98,87,3.8,4.45
Fortuna,US,40.597407,-124.156034,40,91,13.79,0.45
Mildura,AU,-34.1847265,142.1624972,100,80,12.82,3.77
Esperance,AU,-33.858228,121.8931606,50,66,15.84,13.0
Mehamn,NO,71.0349713,27.8517178,100,81,6.89,2.57
Banda aceh,ID,5.5528455,95.3192908,95,66,29.56,1.66
Port keats,AU,-14.2413341,129.5208699,6,26,32.35,2.14
Bridlington,GB,54.0871383,-0.1964511,63,80,12.17,6.17
Lorengau,PG,-2.0329567,147.2789185,6,66,28.45,3.43
Georgetown,GY,6.8137426,-58.1624465,56,92,24.16,3.33
Port lincoln,AU,-34.7284175,135.8563199414681,63,53,17.86,9.63
Cascais,PT,38.72240025,-9.396909171649877,19,77,18.6,3.13
Udimskiy,RU,61.144073,45.921673,100,76,11.54,1.19
Zlatoustovsk,RU,52.9669931,133.5979449,100,98,10.14,1.19
Kavieng,PG,-2.573474,150.795224,30,72,28.32,3.3
Murgab,TJ,38.1709568,73.9668836,100,39,8.87,0.2
Oneida,US,39.8668165,-95.93979852851677,1,90,24.29,5.97
Fort saint john,CA,56.2524039,-120.846943,100,94,11.99,3.6
Cabo san lucas,MX,22.8938884,-109.9200604,11,74,27.45,3.64
Malwan,IN,24.2274552,73.35321000182395,40,52,31.75,5.52
Aranos,NA,-24.138851,19.114856,0,39,8.15,3.4
New norfolk,AU,-42.7801998,147.0615332,31,73,13.95,1.79
Paka,MY,4.636872,103.435976,40,66,31.96,1.03
Coihaique,CL,-45.5711804,-72.0684863,0,93,-1.48,1.54
Sorland,NO,67.6660386,12.69192,81,83,9.92,2.01
Cockburn town,TC,21.4607723,-71.1399956,99,80,27.48,7.1
Anupgarh,IN,29.1906459,73.2113999,0,36,36.6,2.52
Maraba,BR,-5.3462821,-49.1007401,0,100,22.11,0.0
Barrow,US,71.2905556,-156.788611,0,75,3.01,4.12
Comodoro rivadavia,AR,-45.8632024,-67.4752615,0,86,1.25,3.09
Sorvag,NO,67.8890439,13.0166629,82,83,9.68,2.09
Ust-maya,RU,60.416439,134.536499,79,39,24.18,1.28
Anar darreh,AF,32.758698,61.653969,0,9,34.79,14.78
Coari,BR,-4.0885957,-63.1431166,96,71,22.5,0.79
Constitucion,CL,-35.3318306,-72.4118998,100,62,10.23,1.57
Coquimbo,CL,-29.9531928,-71.3379884,100,82,12.93,1.54
Saskylakh,RU,71.9649533,114.0939433,100,59,5.79,11.08
Nizhneyansk,RU,71.440445,136.130646,99,73,8.68,9.21
Bargal,SO,11.286823,51.07795,52,34,35.12,6.63
Avera,FR,43.3896226,-0.1768284,100,88,19.32,5.14
Laguna,ES,28.4857715,-16.3159422,40,83,17.13,4.63
Ponta do sol,PT,32.681067,-17.104073,20,80,20.94,1.86
Busselton,AU,-33.644499,115.3488754,97,61,15.99,7.92
Galiwinku,AU,-12.024312,135.5678417,7,62,28.68,8.01
Batticaloa,LK,7.7356027,81.6941956,100,69,29.78,3.07
Ngunguru,NZ,-35.6333633,174.5007751,98,87,15.12,5.28
Kralendijk,NL,12.1471741,-68.2740783,94,78,27.03,8.23
Broken hill,AU,-31.965,141.4511111,100,51,13.37,2.55
Koslan,RU,63.456226,48.894211,99,71,11.16,2.33
Tiksi,RU,71.636604,128.868546,89,73,7.05,9.48
Manokwari,ID,-0.8614456,134.0767324,63,67,29.16,2.67
Hasaki,JP,35.7529706,140.8201321,83,75,29.22,6.75
Attawapiskat,CA,52.9244075,-82.4270112,0,76,8.0,2.06
Vila velha,BR,-20.3297037,-40.2920174,20,89,21.97,5.66
Zhuhai,CN,22.273734,113.5721327,40,89,32.23,4.12
Sao filipe,CV,14.8952963,-24.4969361,100,86,23.31,3.32
Geraldton,AU,-28.77035,114.6147159,75,73,20.09,8.75
Cayenne,FR,4.9371143,-52.3258307,75,1,24.48,1.03
Matagami,CA,49.754138100000006,-77.64065878192258,0,75,3.05,3.6
Armacao dos buzios,BR,-22.7597805,-41.8875267,98,83,18.97,6.34
Mackenzie,US,38.5809508,-90.3164013,0,67,21.49,1.79
Saint-francois,FR,16.2532002,-61.2750706,100,100,26.73,7.91
Saldanha,ZA,-32.9977778,17.9455556,63,73,9.15,1.73
Broome,AU,-17.9566909,122.2240181,100,61,27.94,4.63
Longyearbyen,NO,78.2231558,15.6463656,75,75,5.15,7.2
Port hardy,CA,50.7244402,-127.4976081,100,87,11.97,2.06
Ptichye,RU,45.5167696,41.7114817,74,58,25.3,0.6
Iqaluit,CA,63.74944,-68.521857,75,61,6.97,6.17
Saint george,GD,12.0535331,-61.751805,20,83,25.49,2.57
Airai,TL,-8.92655,125.40922,13,53,22.07,1.69
Lebyazhye,RU,59.9615811,29.4166768,80,83,14.8,8.1
Yebaishou,CN,41.4030059,119.6304916,22,43,31.84,3.23
Mys shmidta,RU,68.8928813,-179.4130958,98,83,3.83,5.12
Warwick,GB,52.2814519,-1.5815742,100,96,10.43,3.51
Aklavik,CA,68.2182579,-135.013585,100,73,8.27,5.8
Maceio,BR,-9.6476843,-35.7339264,100,94,22.45,1.54
Kodiak,US,57.79,-152.4072222,100,84,9.11,3.27
Salalah,OM,17.0174945,54.1010923,91,77,29.31,5.25
Mount isa,AU,-20.7289898,139.4931522,15,22,26.92,2.57
Reitz,ZA,-27.800556,28.4275,64,51,7.35,1.08
Tarata,PE,-17.4747154,-70.0320713,0,16,6.15,0.9
Eenhana,NA,-17.4757612,16.3368249,0,48,11.21,3.06
Nikolskoye,RU,59.7034799,30.7861084,100,85,16.94,5.0
Iquique,CL,-20.2140657,-70.1524646,14,73,15.19,2.42
Grand river south east,MU,-20.2907247,57.7851931,75,83,24.71,6.69
Bathsheba,BB,13.2129361,-59.5227245,40,74,27.26,9.77
Balkanabat,TM,39.5116273,54.3539921,0,31,30.27,1.45
Kahului,US,20.8894101,-156.4727118,43,80,25.99,4.92
Port alfred,ZA,-33.5981844,26.8914772,46,88,12.25,0.89
Benjamin hill,MX,30.1696487,-111.1126343,26,35,28.39,3.07
Tukrah,LY,32.532222,20.572222,0,59,24.31,2.76
Sawtell,AU,-30.3689782,153.1002694,75,82,16.95,0.51
Lavrentiya,RU,65.5837793,-171.0058116,14,54,11.87,2.94
Kodinsk,RU,58.596329,99.182915,98,42,23.66,2.89
Dubrovnik,HR,42.64873625,18.094680152605108,0,33,25.71,2.06
Margate,GB,51.3878174,1.3819699,98,86,12.45,2.24
Gangotri,IN,30.9943684,78.9398699,98,95,10.47,3.75
Akyab,MM,20.15,92.9,100,81,27.39,2.82
Kamaishi,JP,39.2757463,141.8858151,62,83,22.04,2.43
Bolshaya sosnova,RU,57.671268,54.602867,3,63,18.8,2.79
Bengkulu,ID,-3.7922858,102.2623797,67,67,29.06,2.82
Rio gallegos,AR,-51.64607595,-69.26322885452636,0,93,-4.96,7.72
Tuktoyaktuk,CA,69.4465095,-133.0340333538775,75,81,6.0,4.63
Jalu,LY,29.0331149,21.5482209,0,42,26.06,1.1
San cristobal,VE,7.7756663,-72.2214154,63,97,22.93,1.65
Dingle,IE,52.1408381,-10.2688831,100,79,12.28,7.67
Havre-saint-pierre,CA,50.2463647,-63.6003951,100,76,10.17,8.75
Ribeira grande,PT,37.8225227,-25.5194914,20,78,17.85,11.32
Ekpoma,NG,6.742063,6.139003,95,98,20.01,1.06
Bluff,NZ,-46.6014038,168.3398682,100,72,7.18,6.22
Phrai bung,TH,14.7543619,104.3610246,20,48,35.99,3.95
Bahir dar,ET,11.5947981,37.3879783,93,66,20.5,1.66
Terney,RU,45.0504046,136.6137293,71,93,17.14,4.16
Rio tercero,AR,-32.1767655,-64.1129881,8,32,8.03,3.4
Norman wells,CA,65.282401,-126.832725,75,31,25.02,2.57
Beira,MZ,-19.828707,34.841782,20,94,17.01,2.57
Saint-georges,FR,50.3583949,2.0874312,88,94,13.49,0.45
San carlos de bariloche,AR,-41.1334421,-71.3098425,75,70,5.59,8.75
Haapu,FR,-16.7924792,-151.0124905,13,77,25.76,10.24
Tuatapere,NZ,-46.1323096,167.6907627,89,85,7.35,1.72
Fatehabad,IN,27.0271304,78.3008891,41,35,37.05,5.49
Pevek,RU,69.7028171,170.2746851,81,79,3.26,2.33
Pine bluff,US,34.2157064,-92.0140402,43,75,25.59,2.76
Ferme-neuve,CA,46.7010748,-75.4497514,3,56,8.62,5.15
Te anau,NZ,-45.41449,167.717489,87,94,4.35,2.44
Muros,IT,40.678061,8.617315,4,50,18.25,0.87
Sao joao da barra,BR,-21.6348588,-41.0487079,68,89,20.59,5.27
Thai nguyen,VN,21.592477,105.8435398,56,47,37.88,1.57
Ust-tsilma,RU,65.438683,52.156208,83,69,13.24,3.14
Portobelo,PA,9.5538162,-79.6549259,97,89,24.58,3.4
Warrington,GB,53.3899497,-2.5943178,75,83,13.19,5.66
Nizhnevartovsk,RU,60.9339411,76.5814274,0,31,25.03,2.0
Cuitareo,MX,19.6563778,-100.5980629,97,94,12.88,1.95
Upernavik,GL,72.7847392,-56.1469625,99,87,0.95,7.75
Belushya guba,RU,71.5376984,52.3427343,100,70,3.36,11.91
Kuryk,KZ,43.176664,51.6796799,0,39,26.61,2.93
East london,ZA,-33.0191604,27.8998573,0,76,13.64,4.12
Luderitz,NA,-26.6500086,15.157266,79,81,12.96,5.24
Camacha,PT,32.679439,-16.8448679,40,85,16.61,6.17
Perevoz,RU,55.596546,44.544846,82,68,17.15,3.55
Ambanja,MG,-13.6758118,48.4527762,14,69,24.95,0.76
Sakakah,SA,29.9784008,40.2047701,0,19,31.76,5.27
Khatanga,RU,71.9819205,102.4714765,98,53,8.49,5.43
Kalga,RU,50.92355,118.899208,100,70,19.97,2.58
Asyut,EG,27.1832822,31.1853836,1,25,24.09,7.45
Ocos,GT,14.5103644,-92.1942559,100,84,25.7,2.7
Bodaybo,RU,57.8499525,114.2039967,98,62,21.62,1.56
Huarmey,PE,-10.0687481,-78.152199,16,83,16.84,3.26
Marsh harbour,BS,26.5382728,-77.0610382,6,76,27.05,4.75
Olafsvik,IS,64.8959304,-23.7084345,99,87,9.32,8.2
Panguna,PG,-6.304784,155.4881662,38,86,23.24,0.67
Saleaula,WS,-13.4518478,-172.3318889,45,78,27.69,8.82
Laranjeiras do sul,BR,-25.4073197,-52.4150132,0,90,4.62,1.52
Bereda,NG,11.2135,8.392556,73,79,22.43,3.04
Aswan,EG,24.091071,32.897306,0,32,28.65,4.63
Elliot,GB,56.5455494,-2.6209075,60,74,13.0,6.31
Alofi,NU,-19.0534159,-169.919199,96,83,25.28,4.63
Bonoua,CI,5.2736582,-3.5966802,100,89,24.79,0.54
Illoqqortoormiut,GL,70.4850588,-21.9641992,68,63,5.72,3.39
Hovd,MN,48.0006353,91.6452415,80,13,24.15,1.12
Altamira,BR,-3.204065,-52.209961,74,90,22.56,0.95
Linqu,CN,36.5156772,118.5384882,1,24,39.5,4.44
Prince albert,CA,53.201097,-105.748901,75,73,21.97,4.12
Thompson,CA,55.743347,-97.863464,100,77,15.1,3.6
Qasigiannguit,GL,68.8193787,-51.19335,44,88,-0.48,3.61
Prieska,ZA,-29.666286,22.74439,23,82,7.42,2.05
Basco,US,40.3278229,-91.2001437,0,79,20.04,3.57
Amderma,RU,69.7522076,61.662267280204404,100,98,3.31,5.74
Katsuura,JP,35.1521846,140.3207449,98,84,22.8,5.56
Porgera,PG,-5.4795227,143.1230921,68,96,16.18,0.9
Puri,IN,19.8076083,85.8252538,99,71,34.18,7.76
Virginia beach,US,36.8529841,-75.9774183,0,49,22.23,2.24
San policarpo,PH,12.1795889,125.5087764,91,68,29.87,3.59
Krasnyy chikoy,RU,50.364742,108.75798,100,96,13.34,2.54
Do rud,IR,33.5048351,48.7983885,0,9,28.85,0.58
Koping,SE,59.5137434,15.9970475,95,55,15.67,2.2
Kloulklubed,PW,7.0415131,134.2564595,44,68,28.68,1.24
Coahuayana,MX,18.6220145,-100.3484789,57,74,20.75,1.67
Nsanje,MW,-16.9232359,35.261946,0,69,19.26,1.37
Salto,BR,-23.1989983,-47.2913682,36,87,16.45,1.34
Oyama,JP,36.3147373,139.800148,30,38,31.52,5.43
Nemuro,JP,43.3301154,145.5829068,98,90,14.62,5.12
Saint anthony,US,45.0283001,-93.2187368,5,74,21.64,5.59
Kamenka,RU,53.1850012,44.0529066,99,66,18.21,4.2
Morgan city,US,29.6993748,-91.20677,33,77,25.49,1.33
Sobolevo,RU,55.5204405,38.7062515,98,60,18.97,5.92
Chicama,PE,-7.843424,-79.1451857,7,83,15.27,1.89
Vostok,KI,-10.0620702,-152.31258164405466,73,74,27.16,9.08
Tabou,CI,4.4194457,-7.3603666,100,79,24.63,1.75
Arlit,NE,18.739079,7.393331,28,17,31.66,2.44
Iranshahr,IR,27.2069903,60.6882515,0,10,38.16,3.09
Lalmohan,BD,22.3410585,90.7334333,100,77,27.69,6.87
Prado,ES,41.9203967,-5.4203949,17,78,13.93,6.67
Nadym,RU,65.5336238,72.5113955,47,29,24.8,7.34
Isangel,VU,-19.5410863,169.2810885,100,87,23.68,6.48
Mount gambier,AU,-37.8246698,140.7820067624113,100,67,12.05,5.51
Shuangcheng,CN,28.900932,104.8163938,78,56,30.96,0.55
Weinan,CN,34.5037437,109.4572848,66,28,36.48,2.68
Santa fe,US,35.6876096,-105.9384569,78,44,16.44,2.34
Taoudenni,ML,22.6762333,-3.9805269,100,36,31.98,3.53
Morondava,MG,-20.2951102,44.2786121,0,43,22.2,2.12
Nikel,RU,69.4062217,30.2114216,100,77,5.01,2.9
Narsaq,GL,60.9127453,-46.0452698,100,97,7.47,2.42
Bobo dioulasso,BF,11.1757783,-4.2957591,0,100,23.23,0.0
Arona,IT,45.7598366,8.5604081,0,72,26.61,2.57
Galatista,GR,40.4672244,23.2782735,4,54,22.54,1.79
Solnechnyy,RU,50.723808,136.64006,100,98,10.44,2.85
Clearwater,US,27.9658533,-82.8001026,0,79,28.84,5.36
Omboue,ID,-4.854,121.9837,78,74,27.02,5.78
Asmar,AF,35.033328,71.358087,0,50,27.33,3.98
Trincomalee,LK,8.576425,81.2344952,100,60,31.43,4.16
Gravesend,GB,51.4424747,0.3694468,100,91,12.19,4.27
Tera,NE,14.0072677,0.7569828,26,58,28.4,5.01
Conde,BR,-11.8129758,-37.6138705,46,86,23.9,2.33
Yangshe,CN,31.8641913,120.5110609,100,70,31.65,2.52
Ankara,TR,39.9207886,32.8540482,89,70,19.0,0.45
Staraya poltavka,RU,50.475101,46.480801,7,52,22.79,3.84
Sabha,LY,27.0364864,14.4290398,0,19,26.88,4.57
Mar del plata,AR,-37.9977225,-57.5482703,0,65,5.03,0.89
Emporia,US,38.4040054,-96.181623,15,85,23.37,5.41
Jinchang,CN,38.5206719,102.185973,82,25,26.57,5.21
Belaya gora,RU,68.53701,146.187286,100,27,22.79,6.67
College,CA,45.32664695,-75.83855656986515,1,63,11.46,8.94
Linqiong,CN,30.4145205,103.4654411,59,53,30.95,1.6
Ancud,CL,-41.8682162,-73.8287225,100,92,5.34,2.34
Bandarbeyla,SO,9.4952646,50.8127815,50,43,30.62,12.9
Kawardha,IN,22.0059254,81.2332055,100,63,28.93,4.64
Ibra,OM,22.6895878,58.5469793,4,35,36.08,1.71
Marau,BR,-28.4493053,-52.2002156,25,84,2.64,1.56
Qianan,CN,39.9978416,118.6949899,0,43,32.23,4.49
Gat,HR,45.7023377,18.3246957,2,55,23.01,2.12
Fukue,JP,34.5263537,133.8031965,42,60,32.49,3.62
Ushtobe,KZ,45.2513771,77.9838119,5,16,31.88,2.07
Ilulissat,GL,69.2197127,-51.0986385,75,86,1.16,4.12
Kavaratti,IN,10.5672203,72.6394636,99,74,28.09,4.87
Alekseyevsk,RU,57.840553,108.349243,100,96,14.75,5.06
Vestbygda,NO,60.2384884,9.8569139,7,47,10.71,1.12
Tyukalinsk,RU,55.870556,72.196617,72,60,22.92,2.22
Japura,BR,-23.469273,-52.55572,0,90,7.38,1.11
Kilifi,KE,-3.6333,39.85,67,72,26.0,7.83
Henties bay,NA,-22.1130313,14.2881683522115,8,95,12.28,1.4
Sao felix do xingu,BR,-6.6386974,-51.9787582,18,87,20.39,0.62
Sumbawa,ID,-8.5949025,117.27160682483327,59,50,27.03,2.09
Nantucket,US,41.315731400000004,-70.00901408779944,100,80,14.02,4.63
Jiuquan,CN,39.7321262,98.4936839,100,24,27.2,3.69
Dongying,CN,37.4334738,118.6689349,0,41,33.26,4.96
Swinoujscie,PL,53.9097477,14.2510703,100,73,16.71,2.0
Kongolo,CM,6.0308822,13.9660895,98,92,18.2,0.45
Hualmay,PE,-11.0967129,-77.6129018,37,82,16.17,2.95
Alta floresta,BR,-9.8715018,-56.0839881,43,62,19.8,1.31
Zabid,YE,14.1951,43.315181,97,51,34.12,2.41
Khasan,RU,42.4307675,130.6434123,71,64,23.88,4.79
Wenling,CN,28.3761941,121.3808408,100,91,24.68,1.96
Aykhal,RU,65.9516363,111.4917562,83,43,13.8,8.54
Peniche,PT,39.3566221,-9.3812853,24,95,17.81,3.19
Aksarka,RU,66.5582332,67.8051987,100,56,21.27,3.65
Torbat-e jam,IR,35.2432546,60.626313,0,23,30.64,9.33
Klaksvik,FO,62.2266084,-6.5852705,100,96,8.58,11.25
Decatur,US,39.8454163,-88.9524151,0,70,16.02,3.25
Ler,US,46.2796939,-99.3523336,81,54,26.02,10.0
Chernyshevskiy,RU,63.0155918,112.4642349,72,21,27.12,3.17
Torit,SS,4.4134473,32.5682244,95,93,21.06,0.59
Necochea,AR,-38.5545494,-58.7392624,85,51,6.85,5.75
Farim,IR,36.17103745,53.25285134971157,83,56,25.86,2.84
Saint-philippe,CA,45.3584499,-73.4790045,96,67,11.71,1.34
Lazaro cardenas,MX,15.1736223,-92.552146,100,93,24.22,1.62
Shingu,JP,33.7241003,135.9930029,100,68,26.98,4.16
Provideniya,RU,64.4238198,-173.2275013,10,45,13.92,3.2
Namibe,AO,-15.195064,12.1458085,25,89,15.84,4.09
Peleduy,RU,59.625267,112.750214,99,52,20.94,4.7
Acari,BR,-22.8221528,-43.3406743,100,94,18.74,1.61
San pedro,US,33.7358518,-118.2922934,0,77,18.91,1.34
Sisimiut,GL,66.9371906,-53.6664816,99,77,3.95,3.79
Okhotsk,RU,59.3643921,143.2410816,77,88,7.87,4.29
Nchelenge,ZM,-9.3476333,28.7352607,89,56,17.76,1.93
Banovici,BA,44.4088812,18.5292365,0,94,14.36,1.03
Tautira,CL,-27.145219,-109.430579,2,83,21.16,4.81
Samusu,WS,-13.9974088,-171.4288872,28,74,27.89,8.29
Torbay,CA,47.6576953,-52.726986,100,88,15.91,1.79
Codrington,AG,17.640463,-61.8255199,94,76,26.62,8.07
Brae,IT,44.6976778,7.8542707,29,62,26.69,1.3
Bonfim,BR,3.3613818,-59.8427241,93,95,22.33,2.35
Thinadhoo,MV,0.5326429,72.99714160821568,93,69,28.13,1.2
Chumikan,RU,54.7171986,135.3172842,100,99,5.29,1.32
Juba,SS,4.8472017,31.5951655,100,93,21.31,2.2
Wajir,KE,1.7504651,40.0594959,57,58,25.4,7.68
Beitbridge,ZW,-22.210058,29.992511,0,46,18.31,1.1
Belyy yar,RU,53.596436,91.382362,0,53,23.23,2.0
High level,CA,58.516667,-117.133333,100,100,14.07,0.0
Raghogarh,IN,24.444936,77.1960528,57,48,33.26,6.79
Aginskoye,RU,51.1057609,114.5408006,100,54,25.0,6.2
Saint-pierre,FR,48.3832725,7.4718731,0,54,25.7,2.3
Myitkyina,MM,25.3833313,97.3999925,99,92,25.62,0.46
Inirida,CO,3.8650368,-67.9259848,65,96,22.05,0.23
Waipawa,NZ,-39.9411333,176.591342,100,86,7.53,2.49
Bosobolo,CD,4.1881023,19.8848964,100,95,21.13,0.85
Fort nelson,CA,58.8062066,-122.6942704,83,89,10.39,1.46
Lianzhou,CN,24.9377373,112.4818454,100,95,25.19,1.61
Taltal,CL,-25.4078293,-70.4858424,56,87,12.43,0.54
Xingyi,CN,25.0947613,104.8935472,58,66,26.88,3.18
Ucluelet,CA,48.9426817,-125.5460498,76,88,11.61,0.15
Tiarei,FR,-17.558316750000003,-149.37107895658022,43,75,22.11,11.33
Dunedin,NZ,-45.8740984,170.5035755,97,77,7.67,5.36
Quatre cocos,MU,-20.2094657,57.7705601,25,73,24.01,6.8
Bolshaya irba,RU,54.080906,92.932541,87,53,21.31,3.48
Iguape,BR,-24.7042692,-47.5563733,99,82,16.91,3.35
Bowen,US,40.2333789,-91.0626375,0,80,19.94,3.51
Deputatskiy,RU,54.8408485,61.1269918,78,77,19.03,5.29
Bolungarvik,IS,66.1575503,-23.2507273,74,83,9.07,7.27
Anchorage,US,61.2163129,-149.894852,100,71,15.02,6.71
Anastasiyevskaya,RU,45.215729,37.894539,84,47,24.26,2.85
Bilma,NE,18.69293,12.91872,0,14,30.33,6.24
Payo,ES,40.2858625,-6.7274018,32,91,12.52,1.97
Muromtsevo,RU,56.369392,75.237198,7,53,23.95,0.89
Ambon,FR,47.5542438,-2.5566945,96,84,16.62,10.39
Burica,CR,8.0637437,-82.9127307,100,93,24.24,7.77
Zhigansk,RU,66.76564,123.3741,100,54,14.84,5.05
Haines junction,CA,60.7527212,-137.5100384,63,64,10.52,2.84
Anadyr,RU,64.7316875,177.5060925,67,73,8.58,7.77
Urengoy,RU,65.9623488,78.3718646,91,40,22.18,3.36
Tromso,NO,69.651648,18.9558186,75,76,10.95,1.03
Pacific grove,US,36.6211149,-121.9177944,100,87,13.96,4.92
Cururupu,BR,-1.824255,-44.872996,90,91,23.26,1.36
Bunia,CD,1.5620529,30.2478844,100,98,17.17,1.82
Geresk,AF,31.820894,64.570048,0,7,36.25,8.3
Pochutla,MX,15.7431834,-96.4660973,78,93,24.34,1.74
Carire,BR,-3.948584,-40.476028,53,95,20.98,0.43
Pangnirtung,CA,66.1480197,-65.7172826,79,74,0.85,1.82
Centralia,US,38.5250491,-89.1334037,0,85,18.21,0.45
Manuk mangkaw,PH,4.808985,119.8407822,96,67,28.64,0.64
Durango,ES,43.1707065,-2.6334897,56,85,17.4,0.99
San jose,US,37.3361905,-121.890583,0,65,14.38,0.89
Kruisfontein,ZA,-34.0119558,24.7433295,8,87,9.44,3.69
Chapais,CA,49.7829998,-74.8572812,5,70,4.97,4.21
Mercedes,BR,-24.4504957,-54.1647255,3,71,5.74,2.11
Okha,RU,53.5891082,142.9497542,99,84,8.92,5.84
Husavik,IS,66.0433168,-17.3410402,24,68,10.83,3.82
Carnarvon,AU,-24.8826131,113.6576486,47,54,21.49,6.65
Yunyang,CN,30.9328198,108.692093,99,64,29.05,0.85
Manta,IT,44.6158717,7.4870199,52,73,25.03,1.54
Lashio,MM,22.933333,97.75,100,92,23.53,1.69
Hambantota,LK,6.1249126,81.1242563,20,74,31.18,3.6
Tunxi,CN,29.7281603,118.3051586,100,99,22.66,1.08
Snyder,US,32.7180803,-100.918231,0,30,29.19,5.66
Lukiv,UA,51.229557,24.3449012,4,63,20.24,4.98
Pori,FI,61.4865542,21.7968951,75,71,12.05,7.2
Padang,ID,-0.9247587,100.3632561,20,79,29.02,3.6
Vytegra,RU,61.006355,36.451122,100,98,10.84,4.15
Karaton,ID,-6.3423793,106.1044635,36,52,31.34,1.66
Creel,MX,27.7530234,-107.6343516,98,71,14.6,1.37
Aybak,AF,36.2730673,68.0218455,16,13,30.76,4.68
Along,FM,6.8983333,158.1122222,100,88,25.0,0.0
San jeronimito,MX,17.567784,-101.3451121,76,84,25.17,2.25
Sola,NO,58.882082249999996,5.356254245388384,75,82,13.05,4.12
Arman,NP,28.3724085,83.41134304992792,53,69,21.28,2.88
Swakopmund,NA,-22.6767841,14.5313988,0,90,12.77,1.34
Mahon,ES,39.8894819,4.2661641,0,94,23.31,3.09
Tsihombe,MG,-25.318547,45.484057,11,68,20.5,4.02
Topolobampo,MX,25.601363,-109.054311,65,76,26.95,5.43
Sangmelima,CM,2.936176,11.975646,99,99,18.98,0.3
Damara,CF,4.9561279,18.6977075,100,94,21.5,1.29
Hohhot,CN,40.8337963,111.6730788,46,16,34.53,6.62
Berlevag,NO,70.79904505,29.150528646532546,100,87,3.67,3.09
Shenjiamen,CN,29.9479371,122.2798413,100,93,23.4,5.18
Fredericksburg,US,38.3031837,-77.4605399,0,51,19.12,3.09
Basoko,CD,-3.291524,17.460055783543147,100,79,22.72,1.94
Santa isabel do rio negro,BR,-0.4160389,-65.0153096,96,99,22.16,0.68
Maine-soroa,NE,13.2151567,12.0280819,93,50,28.11,5.05
Lisakovsk,KZ,52.545864,62.489201,95,59,23.14,4.36
Vila do maio,BR,-30.09015315,-51.18088778172944,0,93,5.1,1.54
Plettenberg bay,ZA,-34.052778,23.369444,6,83,11.07,3.52
Verkhoyansk,RU,67.5495068,133.3874618,87,55,20.64,8.35
Ketchikan,US,55.3430696,-131.6466819,96,89,12.4,0.51
Hermiston,US,45.8404101,-119.2894605,100,70,16.01,6.69
Jijiga,ET,9.3508526,42.8003788,90,61,20.26,7.64
Kendari,ID,-3.9918068,122.5180066,78,83,27.3,2.27
Ponta delgada,PT,37.7394344,-25.6683618,20,67,18.06,11.32
Talcahuano,CL,-36.7144863,-73.1141463,100,93,8.03,1.03
Linxia,CN,35.4787351,103.038525,100,40,24.02,1.69
Choma,HU,46.3726866,18.0509268,1,56,21.42,1.98
Kushiro,JP,42.9849503,144.3820491,91,88,16.91,3.91
Chuzhou,CN,32.2545901,118.3280486,100,34,35.76,3.99
Prince george,CA,53.9128645,-122.7453699,100,96,12.67,2.06
San juan,US,18.465299,-66.116666,0,85,26.61,3.09
Sahrak,AF,34.107375,64.305199,0,17,20.2,8.24
Quelimane,MZ,-17.87751,36.890216,3,78,18.91,1.02
Zaysan,KZ,47.467175,84.871895,28,29,27.34,5.66
Waddan,LY,29.1613826,16.141311,1,35,25.85,3.93
Guadalupe y calvo,MX,26.0915222,-106.9616536,84,95,12.65,1.24
Sokoni,TZ,-6.8979313,39.3391012,55,78,24.04,5.38
Mutsamudu,KM,-12.168846,44.3942831,55,72,24.86,5.76
Pinega,RU,64.697281,43.392376,81,58,12.6,2.61
Pisco,PE,-13.7099813,-76.2029793,2,93,12.14,2.06
Labuhan,ID,-6.891973,112.9897177,98,73,28.86,3.05
Silvan,TR,38.1397802,41.0086036,0,21,27.16,1.76
Ban nahin,LA,18.2423946,104.2128002,99,69,31.46,2.23
Litovko,RU,49.2392982,135.1775848,63,79,18.93,4.82
Havoysund,NO,70.9962623,24.6606854,98,79,8.13,5.53
Jidong,CN,23.621986,116.3110473,94,68,30.73,5.04
Mineiros,BR,-17.5653879,-52.5536721,36,97,15.21,1.09
Wahpeton,US,46.265879,-96.608863,20,53,26.4,8.75
Nortelandia,BR,-14.4518972,-56.8043752,35,99,18.4,1.06
Poyarkovo,RU,54.280556,39.176945,100,68,18.05,5.38
San sebastian,ES,43.3224219,-1.9838889,68,74,19.63,0.89
South venice,US,27.0531128,-82.4242628,20,85,26.66,1.54
Mbandaka,CD,0.0470732,18.2564803,94,90,21.0,0.74
Marshall,US,32.5447756,-94.3661004,0,78,26.9,0.0
Charters towers,AU,-20.2089615,145.97411116537643,0,31,22.0,2.15
Lompoc,US,34.6391501,-120.4579409,75,87,12.23,5.14
Presidencia roque saenz pena,AR,-26.78057365,-60.45351147010359,47,76,6.24,2.84
Balkhash,KZ,46.8433208,74.9773285,20,19,32.4,3.0
Bokspits,BW,-26.895473,20.690119,0,87,7.97,4.42
Kargopol,RU,61.509121,38.940796,100,74,12.43,2.94
Port-de-paix,HT,19.9389855,-72.8308129,100,72,27.12,1.6
Storsteinnes,NO,69.6127948,19.8801856,99,87,11.95,1.3
Adrar,DZ,27.8733807,-0.2874884,0,13,30.54,2.27
Malindi,KE,-3.2165987,40.1165933,47,68,26.69,7.67
Griffith,AU,-34.2870772,146.0551022,100,76,14.43,1.83
Esna,EG,25.2936689,32.5531993,5,26,30.95,8.12
Kijang,ID,0.42457104999999995,101.63047989857981,74,57,30.99,0.72
Wellington,NZ,-41.2887953,174.7772114,75,78,10.94,11.32
Chernogorsk,RU,53.828236,91.31321,0,53,23.24,2.0
Reyes,BO,-14.2952193,-67.335855,93,70,17.76,0.67
Miloslavskoye,RU,53.579839,39.445062,100,69,18.47,5.11
